
1020
1021
1021
1023
1023
1026
1026
1030
1030
1034
1034
1037
1037
1041
1041
1044
1044
1048
1048
1051
1051
1054
1054
1058
1058
1101
1101
1102
1102
1103
1103
1104
1104
1105
1105
1106
1106
1107
1107
1108
1108
1109
1109
1110
1110
1111
1111
1112
1112
1113
1113
1114
1114
1115
1115
1116
1116
1117
1117
1118
1118
1118
1118
1119
1119
1120
1120
1121
1121
1122
1122
1123
1123
1124
1124
1126
1126
1127
1127
1128
1128
1129
1129
1130
1130
1131
1131
1132
1132
1134
1134
1134
1134
1136
1136
1141
1141
1142
1142
1151
1151
1153
1153
1153
1153
1154
1154
1155
1155
1156
1156
1157
1157
1158
1158
1159
1159
1159
1200